649888713
1900473
1906408
1913436
1922635
1931735
1935847
1936409
1950500
1952459
1952909
1953315
1954791
1954976
1956393
1956670
7407732
30417584
32807291
215000551
500231791
502162440
502760266
503749903
504756219
504904700
506131853
506450313
507797364
511351525
517011049
518521215
521415241
521492355
526470736
527214747
528889242
529033235
530963532
538694713
539056180
540235288
541153592
541528095
543048648
543268404
544626768
546029020
546096239
550041201
552832428
554652876
562478102
563177181
564201675
566758012
572173947
573956050
574507363
575543908
582306803
583212588
583533192
584378148
588401479
589517088
592462283
594120785
596161358
598030831
602156889
602735557
603270620
605734306
606635701
607164539
607657722
608788320
611925957
612771727
614406879
616929474
617068732
620591933
621500034
621831752
622835642
625967815
626167582
626516486
629096299
631325148
635636087
636173822
636312424
636320189
641477657
643385624
644312275
645503704
646513021
648226747
652718449
658866550
661708782
663321457
664697167
668123767
669866481
670700205
670742645
670976288
674064067
674302477
675306238
677781643
677816631
678450364
687036331
693411622
697773428
700133551
705532274
705706366
707275481
707331683
709280867
710953326
714836175
716320460
726544520
727365799
727711268
728456971
731381296
741750476
742484108
742545141
742992836
745073844
745623775
745728104
747088452
747648147
749051114
750100622
751784090
765461773
787654563
791052382
853205186
1013209508
1015761402
1039011962
1042757211
1057268260
1074498222
1092914303
1108316673
1110109751
1137750231
1139460084
1139460169
1139610021
1139610027
1141527755
1141848269
1141920070
1142910691
1146000588
1146411879
1147920031
1148400003
1148400139
1149420067
1150080213
1150200034
1150320016
1150320062
1150320109
1150320126
1150320129
1150320135
1154190013
1154370049
1155960561
1156260045
1157520078
1159020152
1163160154
1191995174
1201050240
1209862109
1243862975
1244313555
1248747295
1254810274
1260121277
1263663331
1278012259
1282260066
1283385074
1299201826
1309170961
1313277046
1323007551
1326402225
1335324368
1338060660
1340360286
1350283436
1360348233
1404699629
1409199847
1409441153
1411748015
1507756542
1527825032
1534208225
1563503949
1594067744
1621868017
1736569941
1753913162
1757870839
1845804831
100000053184798
100000144846093
100000172954998
100000186424400
100000193264833
100000310436749
100000400223960
100000408931460
100000671232840
100000816007159
100000885784186
100001066129260
100001162659948
100001172986149
100001256413901
100001306327866
100001461638353
100001807220390
100002021855655
100002027061952
